정렬 전 배열

254 847  74 317 817 105 304 143 996  69 
852 611  36 435 507 700  21 374 470 401 
 78 260 675 735 754 689 219  88 256 960 
607 795 557 756 132 182 984 262   1 290 
302 208 902 630 224 794 263 990 178 434 
113 781 741 345 253 625 287 780 355 463 
745 456 600 646 201  66 267 671 409 565 
252 941 824 285 150 682 792 716 216 171 
744 779 814 397 154 972 685 760 911 893 
694 802 842  80 890 495 650 344 200  48 

정렬 후 배열

  1  21  36  48  66  69  74  78  80  88 
105 113 132 143 150 154 171 178 182 200 
201 208 216 219 224 252 253 254 256 260 
262 263 267 285 287 290 302 304 317 344 
345 355 374 397 401 409 434 435 456 463 
470 495 507 557 565 600 607 611 625 630 
646 650 671 675 682 685 689 694 700 716 
735 741 744 745 754 756 760 779 780 781 
792 794 795 802 814 817 824 842 847 852 
890 893 902 911 941 960 972 984 990 996 
