정렬 전 배열

 73 922 334 664 194 495  98 120 965 736 
682  85 792 385 292 333  22   5 523 158 
992  68 110 604 205 314 170 379 149 914 
819  80 402 947 921 379 561 178 672 111 
599 215 400 606 615 556 143 878 155 268 
595 816 489 321 933  43   8 985 154 580 
490 993 396 642 909 442 312 335 253 275 
665 697 212 159 917 545 197 617 574 691 
 69 829  12 880 611 497 209 288 481 524 
 54 100 451  93 484 620 920 543 221 196 

정렬 후 배열

  5   8  12  22  43  54  68  69  73  80 
 85  93  98 100 110 111 120 143 149 154 
155 158 159 170 178 194 196 197 205 209 
212 215 221 253 268 275 288 292 312 314 
321 333 334 335 379 379 385 396 400 402 
442 451 481 484 489 490 495 497 523 524 
543 545 556 561 574 580 595 599 604 606 
611 615 617 620 642 664 665 672 682 691 
697 736 792 816 819 829 878 880 909 914 
917 920 921 922 933 947 965 985 992 993 
