정렬 전 배열1

389 967 603 493 376 454 970 381 799 268 
290 347 877 581 237 870 851 840 511  32 
137 316 211 821 251 651 579 893 511  22 
636 788 742 801 657 584 377 417 151 282 
127 771  17 529 580 822 508 331 692 844 

정렬 전 배열2

390 334 832 677  59 198 263 853 952 671 
121 527 932  46 824  26 563 419 768 411 
709 938 921 618 711 970 563 433 192 996 
545 563 478 560 472 114 945 133 730 916 
609 241 974 454 652 328 787 233 667 159 

정렬 후 배열

 17  22  26  32  46  59 114 121 127 133 
137 151 159 192 198 211 233 237 241 251 
263 268 282 290 316 328 331 334 347 376 
377 381 389 390 411 417 419 433 454 454 
472 478 493 508 511 511 527 529 545 560 
563 563 563 579 580 581 584 603 609 618 
636 651 652 657 667 671 677 692 709 711 
730 742 768 771 787 788 799 801 821 822 
824 832 840 844 851 853 870 877 893 916 
921 932 938 945 952 967 970 970 974 996 
